threadCount = [0 10 20 30 40 50 60 70 80 90 100 110 120 130 140 150 160 170 180 190 200 210 220 230 240 250 260 270 280 290 300 300 ];
transaction = [0.0 457.640018519176 930.8578158996893 1364.7967314923503 1824.0275004893467 2290.3875119379236 2768.347445545672 3206.034348448669 3647.8762152663085 4114.604757774099 4561.6289517942205 5044.421300944061 5493.707215830047 5892.2369107407485 6396.407283082164 6815.544191324512 7297.7790733324155 7750.626761595555 8167.532344578878 8635.554821609425 9023.430386556362 9139.45562963592 9777.271836646674 10090.991817940998 10774.682445242528 10978.216013806876 11578.391628922529 11461.022112722152 11887.490154455429 11855.054147408753 11069.157149215835 12098.832472673452 ];
cpu = [1.3440029549799726 12.123036713023303 1.9266547461536199 9.350229354610319 10.27939100572 12.076678570557231 7.738320521058293 10.542293921175178 10.875206751219897 6.7453560180437915 13.545161724880568 4.272971319979465 18.95165924528742 10.110328751683106 13.560664998431488 17.29071743586612 19.99404304482331 11.397096850909437 23.763531070169098 19.80438549641849 37.71270134910119 63.64077002776784 56.73032260776509 61.69280141639887 55.41074379728795 67.09061958595494 83.24012716672961 96.77138645273297 99.02069776495182 100.0 100.0 100.0 ];
