 X =           1.00000000000
 Y =           4.00000000000
 Z =           8.00000000000
