threadCount = [0 10 20 30 40 50 60 70 80 90 100 110 120 130 140 150 160 170 180 190 200 210 220 230 240 250 260 270 280 290 10 ];
transaction = [0.0 462.3775139947191 913.5469253433649 1362.3324089492598 1789.6757917808088 2219.6620917160726 2695.624789970665 3113.1670262353296 3466.5037000240623 3979.87123380087 4210.931130127165 4701.444932036914 4923.9690357668105 5554.535084883202 6084.408640339504 6191.910963274902 6479.151787851592 6590.093168474115 7166.3907950432695 7247.047955293872 8411.122031988278 8107.27852798695 8906.139807225787 9145.64678385139 10162.772232847412 10720.80792485591 11297.320198756875 11568.468589940088 12147.801912277017 11619.267960767864 459.0435749781328 ];
cpu = [23.860389673745708 39.61811305636303 21.235913894141873 19.22397916684755 12.566324609733082 30.473421884052662 22.624760396757253 35.41900715506091 42.05806941095508 41.94255587959888 57.07511578559961 53.133819148738624 64.60710353234454 52.363978032815325 50.73177901557578 62.08068756458122 65.00459035644161 73.25254403113054 66.84718369486768 74.04601765482417 67.7450070636448 77.29480560408065 76.71138450397137 74.59476064654713 78.46588938420669 67.65817016153397 81.61038521567014 100.0 100.0 100.0 6.544947506772039 ];
