threadCount = [0 10 20 30 40 50 60 70 80 90 100 110 120 130 140 150 160 170 180 190 200 210 220 230 240 250 260 270 280 290 300 ];
transaction = [0.0 449.8734012052543 920.7504057589649 1365.5093013128521 1827.6212780170445 2271.5426704987553 2728.9740596306283 3107.006901146078 3553.9760570946773 3923.461085355561 4327.478145711058 4625.594055186191 5101.152177765161 5206.903235242236 5926.1074968845915 6132.202121766103 6462.6645488941485 6679.5351260652 7193.706217090943 7925.219859386864 7589.676428393688 8706.982065522847 8662.03335395853 9705.837631929464 10150.786420229646 10900.139334287662 12080.035530531028 11414.245629272164 11634.07453822503 11532.453195382373 11306.285268637519 ];
cpu = [1.9653119233277327 14.733323040177893 9.067881902750907 11.966261233162799 16.72308685961143 18.086141270604855 21.59479136052002 41.56786065432421 46.2987447270294 46.076370471653085 51.85975530022372 56.21303181313876 56.677255997435296 66.1146606456784 53.78491756655117 63.9962998093999 64.6262348746913 71.13477727858216 72.14399809312005 66.1063691983767 75.35516678240835 72.3303169261806 77.5406140192448 73.67107536995684 74.81031563232678 76.57335416736802 100.0 98.0552482959068 99.38625403092088 100.0 100.0 ];
