threadCount = [0 10 20 30 40 50 60 70 80 90 100 110 120 130 140 150 160 170 180 190 200 210 220 230 240 250 260 270 280 290 300 ];
transaction = [0.0 462.3602844018247 920.8463637097032 1371.0856025290868 1831.4955103672125 2275.374046099929 2739.6567529096883 3199.603200178225 3635.8107027204082 4085.24605535814 4505.653703666088 4848.235109791894 5361.261393884919 5738.312064549045 6146.681648925498 6424.346322243638 7227.329136523597 7734.236775341844 8058.048032379622 8674.003605411623 9076.572583009347 9486.576913996107 9912.014133239072 10264.805662510244 10821.872134673742 10789.830849240157 11902.40377522452 11259.542692541536 11860.990022846683 11472.11488530982 11421.536678293884 ];
cpu = [1.21780451248523 8.255142810963678 5.519588168861809 4.264798109799097 15.036427722595567 4.031655581169458 10.254452058004699 4.31866581832566 12.922673482254865 10.908096811237424 18.45250451900256 12.262898363028953 22.31286878109725 20.12170018822108 26.15254866874669 34.47540101974985 26.808013379416835 20.0109677383258 25.58924019880209 26.586580221138437 35.32155283805666 41.1873295072818 40.50034550368474 55.788829498336725 48.92821491687672 66.55367546268131 82.71063275572445 100.0 99.86140438782473 100.0 100.0 ];
